sprite1,3,2,37,56
sprite2,44,3,39,55
sprite3,132,3,39,55
sprite4,87,4,41,54
sprite5,226,23,27,35
sprite6,195,24,27,34
sprite7,29,67,24,33
sprite8,57,67,27,33
sprite9,122,67,27,33
sprite10,153,67,24,33
sprite11,3,68,22,33
sprite12,88,68,30,32
sprite13,313,68,26,36
sprite14,218,69,24,35
sprite15,246,69,18,35
sprite16,294,69,15,35
sprite17,401,69,22,35
sprite18,427,69,17,35
sprite19,474,69,15,35
sprite20,493,69,28,35
sprite21,184,70,29,34
sprite22,268,70,22,34
sprite23,368,70,29,34
sprite24,448,70,22,34
sprite25,224,117,25,33
sprite26,253,117,26,31
sprite27,283,117,31,32
sprite28,318,117,24,34
sprite29,346,117,26,35
sprite30,2,118,41,26
sprite31,132,119,40,21
sprite32,176,119,39,21
sprite33,47,120,39,21
sprite34,90,120,38,21
sprite35,3,159,42,23
sprite36,189,159,27,33
sprite37,222,159,26,33
sprite38,50,160,38,22
sprite39,253,160,32,32
sprite40,291,160,35,33
sprite41,92,161,43,21
sprite42,338,161,33,31
sprite43,139,162,44,21
sprite44,378,183,2,2
sprite45,373,185,4,3
sprite46,102,199,34,41
sprite47,177,199,32,41
sprite48,28,200,35,41
sprite49,252,200,31,41
sprite50,404,203,23,37
sprite51,479,203,23,37
sprite52,329,204,25,37
sprite53,554,204,23,37
sprite54,104,252,25,31
sprite55,179,252,25,31
sprite56,29,253,25,31
sprite57,253,253,26,31
sprite58,404,259,30,24
sprite59,479,259,30,24
sprite60,329,260,30,24
sprite61,553,260,31,24
sprite62,104,296,32,23
sprite63,179,296,32,23
sprite64,404,296,31,24
sprite65,479,296,31,24
sprite66,29,297,32,23
sprite67,253,297,33,23
sprite68,329,297,31,24
sprite69,553,297,32,24
sprite70,102,336,27,26
sprite71,177,336,27,26
sprite72,402,336,20,34
sprite73,477,336,19,34
sprite74,27,337,27,26
sprite75,252,337,27,26
sprite76,327,337,22,34
sprite77,552,337,19,34
sprite78,100,383,35,38
sprite79,175,383,33,38
sprite80,388,383,43,31
sprite81,463,383,41,31
sprite82,25,384,37,38
sprite83,250,384,31,38
sprite84,313,384,45,31
sprite85,538,384,39,31
sprite86,82,439,50,28
sprite87,157,439,47,28
sprite88,380,439,53,24
sprite89,455,439,51,24
sprite90,7,440,52,28
sprite91,232,440,45,28
sprite92,305,440,55,24
sprite93,530,440,49,24
sprite94,79,481,52,23
sprite95,154,481,50,23
sprite96,4,482,54,23
sprite97,229,482,48,23
sprite98,380,482,53,22
sprite99,454,482,52,22
sprite100,305,483,55,22
sprite101,529,483,50,22
sprite102,391,516,42,40
sprite103,466,516,40,40
sprite104,316,517,44,40
sprite105,541,517,38,40
sprite106,86,522,47,31
sprite107,161,522,45,31
sprite108,11,523,49,31
sprite109,236,523,42,31
sprite110,2,581,31,56
sprite111,37,581,43,56
sprite112,142,581,43,56
sprite113,189,581,31,56
sprite114,224,581,51,56
sprite115,84,582,54,55
sprite116,475,582,25,55
sprite117,279,583,55,54
sprite118,339,583,46,54
sprite119,389,583,45,54
sprite120,440,583,31,54
sprite121,504,583,52,54
sprite122,560,583,34,54
sprite123,598,583,36,54
sprite125,414,651,29,72
sprite126,370,653,40,70
sprite127,448,663,22,60
sprite128,334,668,32,56
sprite129,7,669,53,55
sprite130,214,671,35,53
sprite131,65,672,46,52
sprite132,115,672,45,52
sprite133,165,672,43,52
sprite134,253,676,33,48
sprite135,290,679,40,45
sprite141,11,735,29,54
sprite142,44,744,30,46
sprite143,78,749,40,40
sprite144,186,756,67,33
sprite145,122,757,60,32
sprite146,257,757,67,32
sprite147,11,799,67,33
sprite148,82,799,67,33
sprite149,153,799,67,33
sprite150,224,799,67,33
sprite151,11,840,66,38
sprite152,81,840,66,38
sprite153,151,840,78,38
sprite154,233,840,66,38
sprite155,377,884,67,33
sprite156,306,885,67,32
sprite157,11,886,67,31
sprite158,82,886,69,31
sprite159,155,886,72,31
sprite160,235,886,67,31
sprite161,231,907,2,2
sprite162,322,929,47,54
sprite163,10,930,40,53
sprite164,373,931,50,52
sprite165,52,932,55,51
sprite166,111,932,61,52
sprite167,176,933,58,50
sprite168,238,933,62,50
sprite169,414,992,19,27
sprite170,20,995,35,58
sprite171,152,995,35,58
sprite172,191,995,33,58
sprite173,282,996,8,10
sprite174,292,996,10,10
sprite175,388,996,24,23
sprite176,59,997,37,56
sprite177,253,997,6,9
sprite178,261,997,7,9
sprite179,312,997,6,9
sprite180,100,998,48,55
sprite181,270,998,10,8
sprite182,304,998,6,8
sprite183,357,1005,29,14
sprite184,252,1008,18,27
sprite185,272,1008,23,22
sprite186,297,1008,27,19
sprite187,326,1008,29,11
sprite188,512,1012,2,14
sprite189,458,1014,11,33
sprite190,436,1017,20,30
sprite191,484,1017,26,16
sprite192,545,1021,16,10
sprite193,408,1022,26,25
sprite194,528,1022,15,23
sprite195,512,1028,14,17
sprite196,376,1029,30,18
sprite197,545,1033,17,14
sprite198,484,1035,26,12
sprite199,471,1036,11,11
sprite200,239,1037,11,33
sprite201,252,1037,21,31
sprite202,275,1037,29,22
sprite203,306,1037,33,17
sprite204,341,1037,33,10
sprite205,471,1049,67,35
sprite206,540,1049,12,6
sprite207,554,1053,7,8
sprite208,540,1057,12,6
sprite209,22,1063,33,58
sprite210,146,1063,33,58
sprite211,183,1063,35,58
sprite212,554,1063,7,8
sprite213,540,1065,12,6
sprite214,59,1067,38,54
sprite215,101,1070,41,51
sprite216,239,1072,14,25
sprite217,255,1072,11,14
sprite218,268,1072,9,13
sprite219,279,1072,7,13
sprite220,288,1072,17,14
sprite221,307,1072,9,18
sprite222,318,1075,11,9
sprite223,401,1075,13,10
sprite224,339,1076,9,8
sprite225,350,1076,14,9
sprite226,366,1077,14,6
sprite227,382,1077,17,7
sprite228,432,1077,18,8
sprite229,416,1078,14,7
sprite230,331,1079,6,5
sprite231,471,1086,66,35
sprite232,239,1099,12,26
sprite233,352,1100,14,25
sprite234,368,1103,10,22
sprite235,380,1106,17,19
sprite236,322,1108,16,17
sprite237,253,1110,11,15
sprite238,306,1111,14,14
sprite239,419,1111,10,14
sprite240,431,1112,12,13
sprite241,445,1112,23,13
sprite242,399,1115,18,10
sprite243,266,1116,10,9
sprite244,278,1116,14,9
sprite245,294,1116,10,9
sprite246,340,1117,10,8
sprite247,495,1123,18,40
sprite248,515,1123,11,18
sprite249,528,1123,10,18
sprite250,22,1127,39,50
sprite251,312,1127,17,21
sprite252,477,1127,16,6
sprite253,255,1130,30,18
sprite254,287,1131,23,17
sprite255,239,1133,14,15
sprite256,331,1133,7,15
sprite257,340,1134,10,14
sprite258,352,1134,16,14
sprite259,471,1135,22,13
sprite260,65,1137,33,40
sprite261,515,1143,17,8
sprite262,534,1143,10,18
sprite263,102,1144,35,33
sprite264,141,1148,35,29
sprite265,295,1150,22,19
sprite266,475,1150,18,13
sprite267,239,1151,18,11
sprite268,259,1151,18,18
sprite269,279,1151,14,18
sprite270,319,1151,18,17
sprite271,364,1152,8,17
sprite272,374,1152,14,15
sprite273,390,1153,7,14
sprite274,399,1153,8,14
sprite275,409,1153,5,14
sprite276,352,1161,10,8
sprite277,339,1162,11,6
sprite278,242,1163,14,6
sprite279,489,1165,15,30
sprite280,506,1167,14,27
sprite281,475,1169,12,23
sprite282,522,1170,11,22
sprite283,326,1171,14,10
sprite284,342,1171,13,13
sprite285,357,1171,10,14
sprite286,369,1171,12,14
sprite287,383,1171,10,14
sprite288,395,1171,7,15
sprite289,404,1171,9,16
sprite290,415,1171,7,14
sprite291,291,1173,18,23
sprite292,311,1173,13,23
sprite293,267,1174,22,22
sprite294,239,1176,26,20
sprite295,535,1176,6,11
sprite296,326,1182,10,6
sprite297,120,1184,43,53
sprite298,22,1185,42,52
sprite331,69,1185,46,52
sprite300,326,1189,13,7
sprite303,296,1198,13,24
sprite304,311,1198,11,24
sprite305,340,1198,10,14
sprite306,352,1198,10,15
sprite307,364,1198,9,18
sprite308,375,1198,7,14
sprite309,384,1198,10,12
sprite310,396,1198,13,9
sprite311,411,1198,16,6
sprite312,264,1199,13,23
sprite313,279,1199,15,23
sprite314,239,1204,23,18
sprite315,324,1211,14,11
sprite316,303,1240,39,50
sprite334,114,1246,53,44
sprite318,171,1247,49,43
sprite319,266,1250,33,40
sprite320,19,1253,42,36
sprite321,65,1254,45,36
sprite322,224,1254,38,36
sprite326,245,1298,36,84
sprite327,208,1302,33,80
sprite338,286,1302,38,80
sprite329,135,1304,32,78
sprite330,171,1306,33,76
sprite332,328,1306,33,76
sprite336,7,1326,38,56
sprite337,405,1326,38,56
sprite338,89,1327,42,55
sprite339,49,1328,36,54
sprite340,365,1328,36,54